# Created by Octave 3.8.1, Sat Jan 07 12:00:46 2017 EST <praveen@praveen-X555LA>
# name: all_theta
# type: matrix
# rows: 4
# columns: 3
 -15.41021917801119 0.002575246749898626 -0.001951566224732912
 -2.631678491724891 -0.7566878275220084 -1.134498448691448
 -3.124731825466727 2.750758127638623 1.83367788911765
 -4.589101813310956 -2.531110260651056 2.757807250192287


